0 -55.0,-60.0
1 -60.94,-49.74
2 -63.10,-46.12
3 -70.05,-26.95
4 -80.0,-1.0
5 -63.31,7.58
6 -44.72,16.60
7 -27.94,26.49
8 -11.89,34.51
9 8.42,46.32
10 24.74,54.85
11 37.50,62.99
12 48.99,69.17
13 61.04,75.09
14 55.09,92.23
15 66.46,59.44
16 74.44,41.20
17 83.85,42.31
18 83.43,17.20
19 88.09,2.53
20 76.30,-4.60
21 52.17,-16.43
22 48.21,-9.03
23 45.90,0.36
24 41.67,10.51
25 50.25,13.55
26 34.81,31.36
27 37.13,-12.44
28 17.62,-19.68
29 -11.12,-30.47
30 -13.87,-12.06
31 13.58,8.48
32 -31.80,-15.45
33 -52.57,-20.53
34 -37.04,-0.97
35 -43.61,3.47
36 -35.85,7.34
37 44.06,-22.11
38 22.66,-32.56
39 1.41,-44.11
40 -9.87,-50.05
41 -20.28,-54.79
42 -28.82,-59.99
43 -27.48,-46.41
44 -35.04,-41.46
45 -40.94,-39.49
46 -49.29,-43.80
47 -41.45,-66.65
48 -52.16,-71.74
49 -62.35,-77.88
50 -62.30,-1.67
51 -63.53,-5.67
52 -68.35,-15.12
53 -47.82,-2.60
54 -9.86,28.85
55 57.56,56.81