0 1|48
1 0|2|46
2 1|3
3 2|4
4 3|5
5 4|6|50
6 5|7|35|36
7 6|8
8 7|9|54
9 8|10
10 9|11|26
11 10|12
12 11|13
13 12|14|15
14 13
15 13|16|55
16 15|17|18
17 16
18 16|19
19 18|20
20 19|21
21 20|37|22
22 21|23|27
23 22|24
24 23|25|26
25 24
26 24|10
27 22|28
28 27|29
29 28|30
30 29|31|32
31 30
32 30|33|34
33 32|53|52
34 32|35|36
35 6|34
36 6|34
37 21|38
38 37|39
39 38|40
40 39|41
41 40|42
42 41|43|47
43 42|44
44 43|45
45 44|46
46 1|45
47 42|48
48 0|47|49
49 48
50 5|51|53
51 50|52
52 33|51
53 50|33
54 8
55 15